
// bricks information

s tiles.gif 5


// -----------
   11111                                                  
       11111                                                 
          11111
             111                                          44444
           222222222                                                                            222222222
                   111                                                                        111    
                    2222                                                                   2222
                      11111                                                             11111
                           444                   1111111111                           444
                              444                                                   444  
                  444            11111                            22222          444                      111
     222     23333  2     33          22222                    1111112222222     23333  2     33      44444444
00 0001133330000002222233333  333 2222222223333301        00 000111333333000000222222233333  333 2222222223333301
000000000111000000000022200000000033000001111112222222341100000000011100000000002220000000003300000111111222222234
// -----------
